100.000000 3.000000 1.000000 0.000000 
1.000000 12.755338 11.829108 5.000000 
1.000000 4.589241 6.829482 5.000000 
1.000000 4.402393 5.331034 5.000000 
1.000000 12.241005 5.522757 5.000000 
1.000000 11.007935 11.365097 5.000000 
1.000000 4.772902 9.132321 5.000000 
1.000000 12.269359 10.296846 5.000000 
1.000000 11.970614 4.145034 5.000000 
1.000000 5.364830 12.396018 5.000000 
1.000000 5.032715 7.851599 5.000000 
1.000000 9.998603 7.367010 5.000000 
1.000000 10.968757 12.642341 5.000000 
1.000000 4.341346 7.108199 5.000000 
1.000000 10.706563 8.007367 5.000000 
1.000000 9.504457 9.377433 5.000000 
1.000000 8.351881 8.513954 5.000000 
1.000000 4.997614 7.754317 5.000000 
1.000000 11.418737 12.823582 5.000000 
1.000000 9.449825 8.119286 5.000000 
1.000000 4.620192 8.477985 5.000000 
1.000000 9.345165 10.739602 5.000000 
1.000000 5.246625 5.219170 5.000000 
1.000000 10.203924 9.627853 5.000000 
1.000000 6.209540 9.093360 5.000000 
1.000000 12.205646 7.530898 5.000000 
1.000000 10.098519 12.100569 5.000000 
1.000000 8.572228 12.367380 5.000000 
1.000000 12.519667 8.034399 5.000000 
1.000000 11.522594 4.109178 5.000000 
1.000000 9.878811 11.637897 5.000000 
1.000000 10.348230 12.454374 5.000000 
1.000000 10.493049 5.347366 5.000000 
1.000000 4.548411 4.155866 5.000000 
1.000000 12.893252 6.052855 5.000000 
1.000000 9.184683 12.442190 5.000000 
1.000000 5.675618 11.757753 5.000000 
1.000000 8.013604 10.358026 5.000000 
1.000000 8.502450 7.282856 5.000000 
1.000000 7.421336 12.550241 5.000000 
1.000000 8.626524 12.531290 5.000000 
1.000000 4.539869 6.292901 5.000000 
1.000000 5.439477 7.910693 5.000000 
1.000000 5.503628 8.878132 5.000000 
1.000000 8.371230 6.333434 5.000000 
1.000000 4.257550 8.337997 5.000000 
1.000000 12.423598 10.464038 5.000000 
1.000000 4.208883 6.092704 5.000000 
1.000000 5.561548 12.738571 5.000000 
1.000000 5.817593 11.106870 5.000000 
1.000000 12.739082 5.943412 5.000000 
1.000000 14.281314 15.680742 10.000000 
1.000000 13.398879 14.495981 10.000000 
1.000000 16.044061 16.704610 10.000000 
1.000000 13.673808 15.978661 10.000000 
1.000000 14.529847 15.092816 10.000000 
1.000000 15.191120 13.333551 10.000000 
1.000000 15.963702 16.547259 10.000000 
1.000000 13.823635 16.374103 10.000000 
1.000000 16.649111 13.850335 10.000000 
1.000000 15.590362 14.032252 10.000000 
1.000000 14.373899 13.476542 10.000000 
1.000000 16.777842 13.382431 10.000000 
1.000000 13.760165 14.760426 10.000000 
1.000000 13.819270 14.360277 10.000000 
1.000000 16.574675 15.731229 10.000000 
1.000000 16.557551 15.367707 10.000000 
1.000000 13.841253 15.520627 10.000000 
1.000000 16.255010 16.230669 10.000000 
1.000000 16.376695 13.539729 10.000000 
1.000000 13.917875 16.508401 10.000000 
1.000000 13.542581 14.565527 10.000000 
1.000000 15.547207 14.286830 10.000000 
1.000000 14.206390 15.053206 10.000000 
1.000000 15.270884 16.876104 10.000000 
1.000000 14.214269 13.226253 10.000000 
1.000000 13.205278 15.422444 10.000000 
1.000000 14.883648 15.406662 10.000000 
1.000000 15.175033 13.002740 10.000000 
1.000000 14.114560 16.244692 10.000000 
1.000000 13.914180 14.964930 10.000000 
1.000000 16.600262 16.761628 10.000000 
1.000000 13.284025 14.390403 10.000000 
1.000000 13.432168 15.634097 10.000000 
1.000000 16.139393 16.941468 10.000000 
1.000000 15.088391 16.033904 10.000000 
1.000000 13.901144 16.222507 10.000000 
1.000000 14.624280 13.267438 10.000000 
1.000000 15.182297 13.213319 10.000000 
1.000000 16.213848 13.330318 10.000000 
1.000000 16.383574 13.858644 10.000000 
1.000000 13.754574 13.168084 10.000000 
1.000000 14.417942 14.200824 10.000000 
1.000000 13.211033 15.515051 10.000000 
1.000000 13.330896 14.468229 10.000000 
1.000000 16.836030 15.450725 10.000000 
1.000000 14.115031 14.216569 10.000000 
1.000000 15.505866 13.672506 10.000000 
1.000000 14.915284 14.357112 10.000000 
1.000000 13.812787 13.031554 10.000000 
1.000000 13.466016 15.745941 10.000000 
